日期,开盘,收盘,最高,最低,成交量,成交额,振幅,涨跌幅,涨跌额,换手率
2025-04-15,22.2827385200,22.0133322000,22.3252763600,21.3965335200,14296080,443712491.9700,0.00,-0.385000,0.00,5.901400
2025-04-16,21.9637047200,21.1838443200,22.1480353600,20.8435416000,12123300,365797401.6600,5.93,-3.768100,-0.83,5.004500
2025-04-17,21.0066033200,21.1058582800,21.9353461600,20.8435416000,11235116,340183611.9400,5.15,-0.368100,-0.08,4.637800
2025-04-18,21.0987686400,21.0987686400,21.3398164000,20.7301073600,6454044,191083367.1100,2.89,-0.033600,-0.01,2.664200
2025-04-21,20.5599560000,22.0204218400,22.0204218400,20.4394321200,12370730,373954246.2100,7.49,4.368300,0.92,5.106600
2025-04-22,22.0487804000,21.7651948000,22.6726687200,21.6234020000,9964548,308846057.0900,4.76,-1.159000,-0.26,4.113300
2025-04-23,22.2260214000,23.9417142800,23.9417142800,21.9920632800,27412581,900891599.0500,8.96,10.000000,2.18,11.315800
2025-04-24,24.1047760000,23.6085012000,24.6364990000,23.4737980400,26468041,898441117.0500,4.86,-1.391800,-0.33,10.925900
2025-04-25,23.6085012000,24.7215746800,25.2603873200,23.1547642400,21715515,746120590.1900,8.92,4.714700,1.11,8.964100
2025-04-28,24.4592580000,24.5443336800,25.1894909200,23.9984314000,11986080,414846783.0200,4.82,-0.716900,-0.18,4.947800
2025-04-29,24.3883616000,26.4159986400,26.9973491200,24.1047760000,31391469,1150627154.8300,11.79,7.625600,1.87,12.958300
2025-04-30,26.2245783600,27.2171279600,27.8268370000,25.9906202400,31305868,1187209718.9200,6.95,3.032700,0.80,12.923000
2025-05-06,27.6495960000,27.6566856400,28.1954982800,27.0115284000,24400969,950829978.2800,4.35,1.615000,0.44,10.072600
2025-05-07,27.6495960000,26.8626459600,27.9119126800,26.3663711600,19842100,756931990.9300,5.59,-2.871100,-0.79,8.190800
2025-05-08,26.5861500000,27.2738450800,27.6141478000,26.4585364800,16988488,649839831.0100,4.30,1.530700,0.41,7.012800
2025-05-09,27.2242176000,26.6215982000,27.4085482400,25.8771860000,16234923,607304102.0900,5.61,-2.391500,-0.65,6.701700
2025-05-12,26.9406320000,27.9473608800,28.5712492000,26.5861500000,22941995,890772223.2500,7.46,4.980000,1.33,9.470400
2025-05-13,27.8339266400,27.0186180400,27.9260919600,26.7988392000,16360597,630257761.2800,4.03,-3.323200,-0.93,6.753600
2025-05-14,26.6074189200,26.2316680000,26.9406320000,26.0189788000,14532180,541206682.8300,3.41,-2.912600,-0.79,5.998800
2025-05-15,26.2458472800,26.1678612400,26.8342874000,25.7141242800,10737039,396834259.3900,4.27,-0.243200,-0.06,4.432200
2025-05-16,25.8771860000,26.4443572000,27.2383968800,25.8559170800,14156435,533061507.1600,5.28,1.056600,0.28,5.843700
2025-05-19,26.2812954800,25.4163594000,26.4159986400,24.6719472000,14922645,531320901.8600,6.60,-3.887400,-1.03,6.160000
2025-05-20,25.5227040000,25.3383733600,25.6857657200,25.0973256000,8056804,288334835.7900,2.32,-0.306800,-0.08,3.325800
2025-05-21,25.5014350800,25.8842756400,26.5648810800,24.8137400000,17136611,625983999.7200,6.91,2.154400,0.55,7.073900
2025-05-22,25.5865107600,25.4730765200,25.9126342000,25.2462080400,8834127,317814509.4300,2.57,-1.588600,-0.41,3.646700
2025-05-23,25.6715864400,26.1962198000,27.1604108400,25.2320287600,20000734,741588087.3400,7.57,2.838900,0.72,8.256200
2025-05-26,25.6786760800,26.1607716000,26.5507018000,25.0831463200,12560996,457769728.4600,5.60,-0.135300,-0.04,5.185100
2025-05-27,26.2103990800,26.5010743200,26.7917495600,25.4376283200,15685330,582827270.7800,5.18,1.300800,0.34,6.474900
2025-05-28,26.5010743200,26.5365225200,27.0115284000,26.0189788000,12435634,466490590.9300,3.75,0.133800,0.04,5.133400
2025-05-29,26.5507018000,26.0686062800,27.2242176000,25.9339031200,11057834,409135164.5600,4.86,-1.763300,-0.47,4.564600
2025-05-30,25.9480824000,24.1047760000,26.1253234000,23.8779075200,19727299,687892917.5500,8.62,-7.533300,-1.96,8.143400
2025-06-03,23.7928318400,24.5372440400,24.8633674800,23.7928318400,8497800,292791780.1000,4.44,1.794100,0.43,3.507900
2025-06-04,24.5301544000,24.7073954000,24.9342638800,24.4592580000,5173154,179902840.3600,1.94,0.693400,0.17,2.135500
2025-06-05,24.8066503600,26.1678612400,26.6286878400,24.3529134000,16196374,588897687.3900,9.21,5.911000,1.46,6.685800
2025-06-06,25.9409927600,25.5510625600,26.1465923200,25.2178494800,7646398,275647398.9000,3.55,-2.357100,-0.62,3.156400
2025-06-09,25.8700963600,25.8204688800,26.3947297200,25.3241940800,11816448,432850652.8400,4.19,1.054400,0.27,4.877800
2025-06-10,25.9480824000,25.3454630000,26.0756959200,24.8917260400,9414992,335769577.1800,4.59,-1.839600,-0.48,3.886500
2025-06-11,25.3100148000,25.5156143600,25.9622616800,25.3100148000,7845331,283601355.3900,2.57,0.671300,0.17,3.238500
2025-06-12,25.5085247200,25.7850206800,26.2033094400,25.2674769600,9197700,334327007.0000,3.67,1.055800,0.27,3.796800
2025-06-13,25.5227040000,25.4943454400,25.7353932000,24.8208296400,9056593,322173709.2900,3.55,-1.127300,-0.29,3.738500
2025-06-16,25.0973256000,25.6857657200,26.1324130400,25.0618774000,7517824,272214758.2300,4.20,0.750800,0.19,3.103300
2025-06-17,25.7212139200,25.5227040000,26.1820405200,25.2532976800,7883995,285007715.4500,3.62,-0.634800,-0.16,3.254500
2025-06-18,25.5227040000,25.3100148000,25.5227040000,24.8137400000,6513726,231416984.1900,2.78,-0.833300,-0.21,2.688800
2025-06-19,25.5085247200,24.5301544000,25.9197238400,24.4734372800,12095142,430411523.5100,5.71,-3.081200,-0.78,4.992800
2025-06-20,24.5797818800,23.1831228000,24.7428436000,23.1122264000,11321316,375243536.9500,6.65,-5.491300,-1.35,4.673400
2025-06-23,23.3958120000,24.1189552800,24.3670926800,23.2540192000,9962256,335749309.2100,4.80,4.036700,0.94,4.112400
2025-06-24,24.1047760000,24.7286643200,25.0902359600,23.9984314000,9887729,344230669.5500,4.53,2.527900,0.61,4.081600
2025-06-25,24.7286643200,24.7570228800,25.0831463200,24.4734372800,6759510,235860670.8000,2.47,0.114700,0.03,2.790300
2025-06-26,24.8208296400,24.3812719600,25.0547877600,24.3174652000,7222100,251215396.0000,2.98,-1.517800,-0.38,2.981300
2025-06-27,24.3812719600,24.0764174400,24.6719472000,24.0197003200,6051200,206243634.0000,2.68,-1.250400,-0.30,2.497900
2025-06-30,24.1402242000,25.1115048800,25.3809112000,24.0764174400,9653822,338523611.7300,5.42,4.299200,1.04,3.985100
2025-07-01,25.0831463200,24.7003057600,25.0831463200,24.5726922400,5089518,177590578.3200,2.03,-1.637500,-0.41,2.100900
2025-07-02,24.5514233200,24.0693278000,24.5868715200,23.8282800400,5661845,192503926.7500,3.07,-2.554500,-0.63,2.337200
2025-07-03,24.1756724000,24.4450787200,24.6506782800,23.9771624800,6297565,216862198.9600,2.80,1.561100,0.38,2.599600
2025-07-04,24.4663476400,23.5588737200,24.6010508000,23.5588737200,9388960,316840957.4000,4.26,-3.625300,-0.89,3.875700
2025-07-07,23.5376048000,23.1193160400,23.5376048000,22.7931926000,6814376,222054122.1100,3.16,-1.865800,-0.44,2.813000
2025-07-08,23.3745430800,23.1760331600,23.4667084000,22.9562543200,6405260,209484538.8100,2.21,0.245300,0.06,2.644100
2025-07-09,23.5456521900,23.0961170400,23.8553319600,22.9762410000,10208539,239496874.7900,3.79,-0.344800,-0.08,3.010000
2025-07-10,22.9662513300,23.2259827500,23.4057968100,22.4867471700,10213775,234273312.3100,3.98,0.562300,0.13,3.011600
2025-07-11,23.0561583600,23.3458587900,23.5656315300,22.8164062800,8125063,188486628.3100,3.23,0.516100,0.12,2.395700
2025-07-14,23.4557451600,24.7743816000,24.9242266500,23.2959104400,22684406,552522913.6300,6.97,6.119000,1.43,6.688600
2025-07-15,25.0241233500,25.4137204800,25.5236068500,24.9841646700,18249152,461166137.0300,2.18,2.580600,0.64,5.380900
2025-07-16,25.3737618000,26.2528527600,26.4626358300,25.1739684000,21776663,565578609.5900,5.07,3.301900,0.84,6.421000
2025-07-17,26.1729354000,26.5125841800,27.0720057000,26.0330800200,17513737,465767246.3500,3.96,0.989300,0.26,5.164000
2025-07-18,26.4726255000,26.0830283700,26.5225738500,25.8932246400,15337168,400732262.2300,2.37,-1.620200,-0.43,4.522200
2025-07-21,27.2518197600,27.2618094300,27.7612929300,26.2428630900,24413290,658765917.8500,5.82,4.519300,1.18,7.198400
2025-07-22,27.8412102900,28.0010450100,28.9200946500,27.4815821700,29492503,834637052.7500,5.28,2.711600,0.74,8.696000
2025-07-23,27.7213342500,27.5914685400,28.3606731300,27.2218507500,17414210,482667850.1800,4.07,-1.462700,-0.41,5.134700
2025-07-24,27.5315305200,28.4905388400,28.9400739900,27.5315305200,20457795,583237678.3400,5.10,3.258500,0.90,6.032100
2025-07-25,28.8301876200,27.3716958000,28.9200946500,26.6724189000,23908983,655821887.9900,7.89,-3.927100,-1.12,7.049700
2025-07-28,27.5714892000,26.9521296600,28.1409003900,26.7023879100,18363209,502251785.5000,5.26,-1.532800,-0.42,5.414500
2025-07-29,26.9721090000,26.8822019700,27.4616028300,26.2528527600,16758916,449460075.7300,4.48,-0.259500,-0.07,4.941500
2025-07-30,26.7523362600,25.8732453000,26.8022846100,25.7733486000,15987009,418494425.4700,3.83,-3.753300,-1.01,4.713900
2025-07-31,25.4736585000,26.2228837500,27.0020780100,25.4736585000,16314183,431602966.5400,5.91,1.351400,0.35,4.810300
2025-08-01,26.1729354000,25.9531626600,26.4826151700,25.6534725600,9027597,234931486.8400,3.16,-1.028600,-0.27,2.661800
2025-08-04,25.4736585000,26.9621193300,26.9621193300,25.4736585000,17524091,467842184.8100,5.74,3.887600,1.01,5.167100
2025-08-05,27.1619127300,27.1319437200,27.8711793000,26.6824085700,12300756,333245747.3100,4.41,0.629900,0.17,3.626900
2025-08-06,27.0420366900,29.1398673900,29.2597434300,26.8822019700,33519012,939848382.6700,8.76,7.400600,2.01,9.883300
2025-08-07,29.2697331000,29.6593302300,30.3985658100,28.9700430000,40915733,1221166770.3900,4.90,1.782700,0.52,12.064200
2025-08-08,29.5694232000,32.6262622200,32.6262622200,29.4994955100,40695531,1270577934.4500,10.54,10.003400,2.97,11.999300
2025-08-11,33.2855804400,34.1347023900,34.9938140100,32.2166857500,48395333,1628547067.3400,8.51,4.623400,1.51,14.269600
2025-08-12,34.2745577700,34.3344957900,35.3434524600,33.8549916300,36517557,1262618417.3900,4.36,0.585300,0.20,10.767400
2025-08-13,34.0447953600,34.7740412700,36.1326363900,33.5952602100,29700697,1032895059.1000,7.39,1.280200,0.44,8.757400
2025-08-14,34.8040102800,34.3744544700,35.2435557600,34.1147230500,26481717,917737113.5300,3.25,-1.149100,-0.40,7.808300
2025-08-15,34.2945371100,34.3844441400,34.9638450000,33.7151362500,20691498,712286912.8200,3.63,0.029100,0.01,6.101000
2025-08-18,34.6641549000,35.2835144400,35.9128636500,34.6241962200,22865684,804909939.5800,3.75,2.614800,0.90,6.742100
2025-08-19,34.8839276400,34.4743511700,36.2625021000,33.5652912000,30088500,1044852899.9300,7.64,-2.293300,-0.81,8.871700
2025-08-20,34.4743511700,36.1526157300,37.1715620700,34.3644648000,34213801,1234546372.8600,8.14,4.868200,1.68,10.088100
2025-08-21,35.9628120000,34.9438656600,36.8419029600,34.6841342400,18960032,673690150.0000,5.97,-3.343500,-1.21,5.590500
2025-08-22,34.9438656600,36.5921612100,36.9318099900,34.7240929200,24136371,866178770.2000,6.32,4.717000,1.65,7.116700
2025-08-25,37.0616757000,37.4612625000,38.5601262000,36.6221302200,27476353,1034782940.8200,5.30,2.375100,0.87,8.101500
2025-08-26,37.2814484400,36.5422128600,37.4512728300,36.2525124300,16779601,617709288.0800,3.20,-2.453300,-0.92,4.947600
2025-08-27,36.6620889000,37.6810352400,39.1595064000,36.4622955000,25816675,977161718.0100,7.38,3.116500,1.14,7.612200
2025-08-28,37.7509629300,36.7619856000,37.9607460000,35.6831012400,33845447,1243072323.0100,6.04,-2.439000,-0.92,9.979500
2025-08-29,37.5811385400,37.5012211800,38.3203741200,36.0627087000,27500911,1026858478.4800,6.14,2.010900,0.74,8.108800
2025-09-01,37.5012211800,38.3203741200,38.7599196000,36.7619856000,23409817,885003791.6200,5.33,2.184300,0.82,6.902500
2025-09-02,37.9607460000,36.0627087000,37.9607460000,34.4843408400,42197848,1498237639.1600,9.07,-5.891600,-2.26,12.442200
2025-09-03,37.5611592000,36.5222335200,39.4891655100,36.3623988000,34918015,1327721675.8800,8.67,1.274200,0.46,10.295800
2025-09-04,36.3723884700,34.3644648000,37.0017376800,33.5952602100,27008296,954905685.6400,9.33,-5.908100,-2.16,7.963500
2025-09-05,34.5642582000,37.6710455700,37.7209939200,33.9149296500,29287406,1046727795.1800,11.08,9.622100,3.31,8.635500
2025-09-08,37.1615724000,38.6899919100,39.8487936300,36.8618823000,29294326,1122401515.5400,7.93,2.704900,1.02,8.637600
2025-09-09,38.4402501600,38.4502398300,39.2793824400,37.3613658000,15328632,584832906.3000,4.96,-0.619700,-0.24,4.519700
2025-09-10,38.3403534600,37.5311901900,38.7998782800,37.4412831600,13438350,510142111.7200,3.53,-2.390200,-0.92,3.962400
2025-09-11,37.1615724000,40.2084217500,40.2084217500,36.9118306500,23485930,912669927.6100,8.78,7.133400,2.68,6.924900
2025-09-12,39.8887523100,40.6579569000,40.6979155800,39.5590932000,19690057,792538757.0800,2.83,1.118000,0.45,5.805700
2025-09-15,40.5680498700,39.6989485800,42.3462111300,38.8598163000,23374402,943099577.4300,8.57,-2.358700,-0.96,6.892100
2025-09-16,40.7578536000,42.4061491500,42.4061491500,39.9586800000,26644611,1102277781.9700,6.17,6.819300,2.71,7.856300
2025-09-17,42.3462111300,45.4130398200,46.6517589000,41.2773164400,37376245,1643446385.6200,12.67,7.090700,3.01,11.020600
2025-09-18,46.5518622000,43.9245789900,46.7516556000,43.3451781300,32670757,1477601566.5900,7.50,-3.277600,-1.49,9.633100
2025-09-19,43.8446616300,41.9566140000,43.9045996500,41.4371511600,20683615,874580378.9800,5.62,-4.480300,-1.97,6.098700
2025-09-22,41.8567173000,42.6359115600,43.1353950600,41.5170685200,13927532,592761020.3900,3.86,1.619000,0.68,4.106600
2025-09-23,41.9865830100,42.2063557500,44.3541348000,41.3572338000,17703118,760823359.8600,7.03,-1.007500,-0.43,5.219900
2025-09-24,41.9566140000,42.5060458500,42.8456946300,41.1774197400,10600669,448542496.4200,3.95,0.710100,0.30,3.125700
2025-09-25,42.7957462800,43.2652607700,44.4540315000,42.1364280600,13978874,603011241.0300,5.45,1.786100,0.76,4.121700
2025-09-26,42.9156223200,44.0844137100,47.1212733900,42.4560975000,31317613,1432638075.7900,10.78,1.893300,0.82,9.234200
2025-09-29,44.0844137100,44.8536183000,45.8226162900,43.7547546000,16577023,743720693.9200,4.69,1.744800,0.77,4.887800
2025-09-30,44.1143827200,44.4740108400,44.8236492900,43.3052194500,14011270,619376467.1800,3.39,-0.846300,-0.38,4.131300
2025-10-09,43.9545480000,41.8367379600,43.9645376700,41.5570272000,20397924,863869358.0200,5.41,-5.929900,-2.64,6.014400
2025-10-10,42.4361181600,40.5880292100,43.4350851600,40.3183081200,17013388,712077440.8200,7.45,-2.984700,-1.25,5.016500
2025-10-13,37.4312934900,38.2104877500,39.1694960700,37.3813451400,20610424,788391307.3600,4.41,-5.857700,-2.38,6.077100
2025-10-14,38.9597130000,35.7030805800,39.1295373900,35.4233698200,19284155,715728871.2600,9.70,-6.562100,-2.51,5.686000
2025-10-15,35.9827913400,36.8119339500,37.1615724000,34.9638450000,18810955,679808542.2700,6.16,3.105800,1.11,5.546500
2025-10-16,36.2824814400,37.1016343800,37.6610559000,35.8828946400,13009483,481416496.5000,4.83,0.787000,0.29,3.835900
2025-10-17,36.9617790000,35.7030805800,37.1016343800,35.7030805800,9460272,342730195.8200,3.77,-3.769500,-1.40,2.789400
2025-10-20,36.2625021000,36.8119339500,37.6610559000,36.2225434200,14903532,552110654.8800,4.03,3.105800,1.11,4.394400
2025-10-21,36.8119339500,37.4312934900,37.9407666600,36.3623988000,10622780,395250964.0000,4.29,1.682500,0.62,3.132200
2025-10-22,37.2115207500,36.1226467200,37.5411798600,35.9927810100,10700912,391899676.9200,4.14,-3.496100,-1.31,3.155200
2025-10-23,36.1226467200,35.2935041100,36.1226467200,34.6042168800,13366882,468660683.5100,4.20,-2.295400,-0.83,3.941300
2025-10-24,35.5132768500,36.3224401200,36.8419029600,35.4833078400,11669750,422476578.0900,3.85,2.915400,1.03,3.440900
2025-10-27,36.7619856000,38.8598163000,39.0396303600,35.9628120000,22910840,863465923.3100,8.47,6.985700,2.54,6.755400
2025-10-28,38.4802088400,37.8408699600,39.0396303600,36.7919546100,21408264,814425714.1900,5.78,-2.622100,-1.02,6.312300
2025-10-29,37.2914381100,38.2904051100,39.9586800000,37.2914381100,20465206,791532559.7200,7.05,1.188000,0.45,6.034300
2025-10-30,38.3103844500,35.0237830200,38.4602295000,34.8639483000,29454801,1062578211.8500,9.39,-8.531200,-3.27,8.684900
2025-10-31,35.2535454300,36.4523058300,36.7519959300,35.0837210400,17781453,644311377.9200,4.76,4.078700,1.43,5.243000
2025-11-03,37.2614691000,36.2625021000,38.2204774200,35.7630186000,15044754,554976031.9200,6.74,-0.520700,-0.19,4.436000
2025-11-04,36.1626054000,34.8939173100,36.8319132900,34.5143098500,13557902,477160639.1100,6.39,-3.774100,-1.37,3.997600
2025-11-05,34.6441755600,34.5043201800,35.4133801500,33.9848573400,9768206,338150351.0800,4.09,-1.116500,-0.39,2.880200
2025-11-06,34.6142065500,35.9228533200,36.2125537500,33.9948470100,12631804,447240769.2200,6.43,4.111200,1.42,3.724600
2025-11-07,36.2625021000,34.4144131500,36.2625021000,34.2445887600,13464301,468318070.9400,5.62,-4.199100,-1.51,3.970000
2025-11-10,34.0847540400,33.1657044000,34.9538553300,32.5663242000,15855403,527198195.1700,6.94,-3.628400,-1.25,4.675000
2025-11-11,33.4653945000,33.0258490200,33.4953635100,32.6662209000,6145878,203296213.2000,2.50,-0.421700,-0.14,1.812100
2025-11-12,33.0158593500,32.7860969400,33.4154461500,32.1267787200,7370621,241161296.3500,3.90,-0.726000,-0.24,2.173300
2025-11-13,32.8260556200,34.0947437100,34.5043201800,32.6562312300,12750405,430976554.2300,5.64,3.991500,1.31,3.759500
2025-11-14,33.7550949300,34.4343924900,34.8639483000,33.4853738400,10076203,347181432.2400,4.04,0.996200,0.34,2.971000
2025-11-17,34.1846507400,35.7829979400,36.8219236200,34.1646714000,16870006,607191716.7600,7.72,3.916400,1.35,4.974200
2025-11-18,36.7619856000,36.5821715400,37.8408699600,36.5422128600,21306745,791298579.1000,3.63,2.233400,0.80,6.282400
2025-11-19,36.5522025300,35.8529256300,36.5821715400,35.6231632200,9086081,327254843.0100,2.62,-1.993400,-0.73,2.679100
2025-11-20,36.0027706800,35.9128636500,37.3613658000,35.5632252000,9417876,341530621.8200,5.02,0.167200,0.06,2.776900
2025-11-21,35.2735247700,36.4523058300,36.9817583400,34.8439689600,19788872,714445446.7300,5.95,1.502100,0.54,5.834800
2025-11-24,35.9528223300,34.9938140100,36.0926777100,34.4643615000,12152500,427114818.3300,4.47,-4.001100,-1.46,3.583200
2025-11-25,35.3634318000,34.7940206100,35.8928843100,34.3145164500,11210121,393511721.7700,4.51,-0.570900,-0.20,3.305400
2025-11-26,34.4343924900,35.5632252000,36.5921612100,34.3644648000,15455192,552921179.5000,6.40,2.210700,0.77,4.557000
2025-11-27,35.5732148700,35.1336693900,36.0127603500,35.0137933500,8935852,316505448.1500,2.81,-1.207900,-0.43,2.634800
2025-11-28,35.1736280700,36.6920579100,37.4412831600,34.4643615000,22339817,807727851.2900,8.47,4.435600,1.56,6.587000
2025-12-01,37.4213038200,37.2814484400,37.9507563300,36.4622955000,13678590,512241049.1400,4.06,1.606300,0.59,4.033200
2025-12-02,37.0916447100,37.9807253400,38.3603328000,37.0916447100,16347992,617012340.9800,3.40,1.875700,0.70,4.820300
2025-12-03,38.2104877500,38.1605394000,38.8398369600,37.6610559000,15372239,588300446.7900,3.10,0.473400,0.18,4.532600
2025-12-04,38.9896820100,37.7110042500,39.4591965000,37.5012211800,13908298,532015641.6400,5.13,-1.178000,-0.45,4.100900
2025-12-05,37.6011178800,38.7399402600,39.3093514500,36.8818616400,14929424,569131052.1200,6.44,2.728500,1.03,4.402000
2025-12-08,38.4602295000,39.2594031000,39.4392171600,37.5711488700,17605092,676339554.3000,4.82,1.340900,0.52,5.191000
2025-12-09,38.9896820100,38.4602295000,39.3293307900,38.3803121400,9622300,373471221.3300,2.42,-2.035600,-0.80,2.837200
2025-12-10,38.1805187400,39.6190312200,40.1085250500,37.7609526000,14736374,578492131.5700,6.10,3.013000,1.16,4.345100
2025-12-11,39.9586800000,38.3003947800,40.0485870300,38.0806220400,10463055,407567357.8900,4.97,-3.328300,-1.32,3.085100
2025-12-12,38.4602295000,38.0306736900,39.3393204600,37.7409732600,12334822,475436320.5300,4.17,-0.704200,-0.27,3.637000
2025-12-15,37.4612625000,36.3324297900,37.9407666600,36.2824814400,13738620,507928813.1400,4.36,-4.465500,-1.70,4.050900
2025-12-16,36.3124504500,34.6841342400,36.6421095600,34.6841342400,10260608,361920414.9000,5.39,-4.536700,-1.65,3.025400
2025-12-17,34.6841342400,35.2335660900,35.5132768500,34.3344957900,8025333,279970087.9400,3.40,1.584100,0.55,2.366300
2025-12-18,35.1037003800,35.4733181700,36.4223368200,34.6641549000,7877788,282182326.2300,4.99,0.680500,0.24,2.322800
2025-12-19,35.9927810100,36.0627087000,37.0416963600,35.7730082700,11843237,432533178.1900,3.58,1.661500,0.59,3.492000
2025-12-22,36.4822748400,35.9728016700,37.0117273500,35.6031838800,13080820,474543941.5600,3.91,-0.249300,-0.09,3.856900
2025-12-23,35.7230599200,35.0737313700,35.8629153000,34.9638450000,9567571,337996126.6900,2.50,-2.499300,-0.90,2.821000
2025-12-24,35.3334627900,37.0916447100,37.7609526000,34.5043201800,19033717,693850370.5900,9.29,5.753300,2.02,5.612200
2025-12-25,37.2315000900,37.2614691000,37.6610559000,35.9728016700,14475981,533104792.9800,4.55,0.457900,0.17,4.268300
2025-12-26,36.9817583400,37.1116240500,38.0406633600,36.5621922000,12126415,452166111.1900,3.97,-0.402100,-0.15,3.575500
2025-12-29,36.8219236200,37.0816550400,37.6410765600,36.4622955000,12109639,449359039.8400,3.18,-0.080800,-0.03,3.570600
2025-12-30,36.9617790000,38.2404567600,38.7499299300,36.4622955000,21305847,810014169.2400,6.17,3.125000,1.16,6.282100
2025-12-31,38.4901985100,36.5422128600,38.6500332300,36.5322231900,19767996,735089834.7500,5.54,-4.441000,-1.70,5.828700
2026-01-05,35.9428326600,35.6631219000,36.2225434200,35.3334627900,18028839,642934329.1900,2.43,-2.405700,-0.88,5.315900
2026-01-06,35.6731115700,35.3134834500,36.0127603500,35.1336693900,13927994,494072243.9200,2.46,-0.980400,-0.35,4.106700
2026-01-07,35.4233698200,34.4244028200,35.5332561900,34.2845474400,17735719,615785776.1900,3.54,-2.517700,-0.89,5.229500
2026-01-08,34.4643615000,34.4044234800,34.9638450000,34.1646714000,11144963,385489744.9300,2.32,-0.058000,-0.02,3.286100
2026-01-09,34.4343924900,35.1336693900,35.7330495900,34.4244028200,13421567,473101451.1900,3.80,2.119600,0.73,3.957400
2026-01-12,35.3734214700,34.7740412700,35.6531322300,34.2645681000,16928587,588647969.7600,3.95,-1.023600,-0.36,4.991500
2026-01-13,34.7740412700,37.6610559000,38.2504464300,34.5942272100,55857099,2093370506.3600,10.51,8.302200,2.89,16.469700
2026-01-14,37.1815517400,36.3723884700,37.2614691000,36.0726983700,32489877,1194668457.5900,3.16,-3.421800,-1.29,9.579800
2026-01-15,36.6221302200,37.2814484400,37.7509629300,36.1226467200,22310763,827754511.1300,4.48,2.499300,0.91,6.578400
2026-01-16,37.8308802900,38.3103844500,39.3592998000,37.6111075500,25544188,983658265.4800,4.69,2.759900,1.03,7.531800
2026-01-19,38.1006013800,39.3792791400,40.0685663700,37.9807253400,24886357,974866442.9600,5.45,2.790100,1.07,7.337900
2026-01-20,39.1095580500,37.7209939200,39.8288142900,37.0916447100,22068754,839007502.3800,6.95,-4.211100,-1.66,6.507100
2026-01-21,37.3713554700,37.9008079800,38.8997749800,37.2614691000,17212387,659041352.3400,4.34,0.476700,0.18,5.075200
2026-01-22,37.9607460000,37.3513761300,38.6999815800,37.1216137200,12864361,483466034.6100,4.16,-1.449700,-0.55,3.793100
2026-01-23,37.7509629300,38.6800022400,39.8587833000,37.7509629300,25058020,979680763.9400,5.64,3.557100,1.33,7.388500
2026-01-26,39.6000000000,38.6000000000,39.9500000000,38.0100000000,17365874,672092435.8500,5.02,-0.206800,-0.08,5.120400
2026-01-27,38.5000000000,41.1700000000,41.4100000000,37.2000000000,30288392,1203482062.4300,10.91,6.658000,2.57,8.930700
2026-01-28,40.6400000000,39.2700000000,41.3800000000,39.1000000000,20264128,807052243.2900,5.54,-4.615000,-1.90,5.975000
2026-01-29,39.0000000000,37.5000000000,39.9000000000,37.4000000000,17170643,659246215.0800,6.37,-4.507300,-1.77,5.062900
2026-01-30,37.6100000000,37.6600000000,38.1000000000,36.6700000000,11431345,428571538.8000,3.81,0.426700,0.16,3.370600
2026-02-02,37.6200000000,36.3200000000,38.0000000000,36.2200000000,11252781,416059195.9400,4.73,-3.558200,-1.34,3.317900
2026-02-03,36.5000000000,36.7000000000,36.9500000000,35.8500000000,9659042,350965712.9400,3.03,1.046300,0.38,2.848000
2026-02-04,36.6600000000,36.2700000000,36.6600000000,35.8500000000,8168679,295172934.6400,2.21,-1.171700,-0.43,2.408600
2026-02-05,36.6000000000,37.5300000000,37.9800000000,36.5500000000,15517829,580330353.9900,3.94,3.473900,1.26,4.575500
2026-02-06,36.5200000000,36.9100000000,38.4200000000,36.2000000000,13321435,499279089.5700,5.92,-1.652000,-0.62,3.927900
2026-02-09,37.1600000000,37.8900000000,37.9600000000,36.7600000000,11997675,448075991.7700,3.25,2.655100,0.98,3.537600
2026-02-10,37.8300000000,37.4400000000,39.2800000000,37.3700000000,11478195,436235362.4400,5.04,-1.187600,-0.45,3.384400
2026-02-11,37.5000000000,38.3400000000,38.9400000000,37.1000000000,13597569,518888720.4900,4.91,2.403800,0.90,4.009300
2026-02-12,38.0900000000,38.8900000000,39.2000000000,38.0800000000,9748934,377681869.7800,2.92,1.434500,0.55,2.874500
2026-02-13,38.5400000000,38.5400000000,39.4100000000,38.4000000000,7866836,305507048.4400,2.60,-0.900000,-0.35,2.319600
2026-02-24,39.9900000000,38.5400000000,39.9900000000,38.3100000000,14411397,559294826.6300,4.36,0.000000,0.00,4.249300
2026-02-25,38.3300000000,38.2500000000,38.4900000000,37.6000000000,9576239,363875328.9800,2.31,-0.752500,-0.29,2.823600
2026-02-26,38.2600000000,38.0000000000,38.5700000000,37.7500000000,9439258,359154368.0400,2.14,-0.653600,-0.25,2.783200
2026-02-27,37.9400000000,37.6000000000,37.9400000000,37.3000000000,8754394,328892887.0600,1.68,-1.052600,-0.40,2.581300
2026-03-02,36.8000000000,36.1500000000,37.1400000000,36.0900000000,11343054,413886893.6400,2.79,-3.856400,-1.45,3.344600
2026-03-03,36.3800000000,35.4900000000,36.8000000000,35.2800000000,9817475,353577010.2200,4.20,-1.825700,-0.66,2.894700
2026-03-04,34.9000000000,35.2800000000,35.9500000000,34.8000000000,6767989,238588499.0900,3.24,-0.591700,-0.21,1.995600
2026-03-05,35.8400000000,35.2800000000,36.0500000000,34.9000000000,7326824,259778463.8800,3.26,0.000000,0.00,2.160400
2026-03-06,35.0500000000,35.9000000000,36.0700000000,35.0200000000,5410050,193367766.1600,2.98,1.757400,0.62,1.595200
2026-03-09,35.4000000000,34.8000000000,35.4500000000,34.4700000000,8496962,295860893.0600,2.73,-3.064100,-1.10,2.505400
2026-03-10,35.4400000000,37.5500000000,37.7800000000,34.8100000000,19570003,712616214.8600,8.53,7.902300,2.75,5.770300
2026-03-11,37.1800000000,37.0500000000,37.6800000000,36.8200000000,9607170,357608125.6200,2.29,-1.331600,-0.50,2.832700
2026-03-12,36.9800000000,36.1000000000,37.1900000000,35.9500000000,7998452,291334825.3900,3.35,-2.564100,-0.95,2.358400
2026-03-13,35.8800000000,35.7000000000,36.2300000000,35.3800000000,6044510,216644614.8600,2.35,-1.108000,-0.40,1.782300
2026-03-16,35.0100000000,35.3600000000,35.7000000000,34.9300000000,5130335,180387499.5300,2.16,-0.952400,-0.34,1.512700
2026-03-17,35.4500000000,35.0300000000,35.8900000000,34.9200000000,4947112,175072002.8600,2.74,-0.933300,-0.33,1.458700
2026-03-18,35.0100000000,36.0800000000,36.5200000000,34.8500000000,7357537,262469895.8500,4.77,2.997400,1.05,2.169400
2026-03-19,35.6500000000,34.9700000000,35.6700000000,34.8000000000,6989532,245640881.1200,2.41,-3.076500,-1.11,2.060900
2026-03-20,35.0000000000,35.0700000000,35.9500000000,34.6900000000,7501059,264630035.3000,3.60,0.286000,0.10,2.211700
2026-03-23,35.2900000000,34.6900000000,36.1900000000,34.2200000000,12992884,457958637.4300,5.62,-1.083500,-0.38,3.831000
2026-03-24,34.8900000000,33.8800000000,35.0600000000,31.3300000000,13683366,454507774.4100,10.75,-2.335000,-0.81,4.034600
2026-03-25,33.7700000000,33.8500000000,34.2100000000,33.6900000000,7568760,256579005.9500,1.53,-0.088500,-0.03,2.231700
2026-03-26,33.8500000000,32.6000000000,33.8500000000,32.5800000000,8321652,275715279.9000,3.75,-3.692800,-1.25,2.453700
2026-03-27,31.6300000000,31.8400000000,32.2500000000,31.5100000000,8270162,263455046.8200,2.27,-2.331300,-0.76,2.438500
2026-03-30,31.3500000000,30.3300000000,31.7500000000,29.8800000000,12370393,377688964.2100,5.87,-4.742500,-1.51,3.647500
2026-03-31,30.3600000000,30.2500000000,31.9500000000,30.2200000000,10113108,313024686.7600,5.70,-0.263800,-0.08,2.981900
2026-04-01,30.9000000000,31.9100000000,32.6300000000,30.8900000000,14676344,465891172.2200,5.75,5.487600,1.66,4.327400
2026-04-02,32.0500000000,31.4500000000,32.1300000000,31.1500000000,5356703,169306159.1800,3.07,-1.441600,-0.46,1.579500
2026-04-03,31.5500000000,30.7500000000,31.5500000000,30.6600000000,4656900,144187120.5000,2.83,-2.225800,-0.70,1.373100
2026-04-07,30.8000000000,30.4100000000,31.1000000000,30.2800000000,4594074,140241920.1800,2.67,-1.105700,-0.34,1.354600
2026-04-08,31.2000000000,32.1700000000,32.2900000000,31.1400000000,7878573,250089903.3100,3.78,5.787600,1.76,2.323000
2026-04-09,31.9400000000,32.4600000000,33.4300000000,31.6600000000,12261790,396516768.9900,5.50,0.901500,0.29,3.615500
2026-04-10,32.6900000000,33.2800000000,33.6300000000,32.5000000000,14333972,473766890.3500,3.48,2.526200,0.82,4.226400
2026-04-13,33.2000000000,33.9700000000,34.6700000000,33.2000000000,14022219,479366772.3200,4.42,2.073300,0.69,4.134500
2026-04-14,34.0000000000,35.0600000000,35.1500000000,33.9700000000,12703736,438813271.8000,3.47,3.208700,1.09,3.745800
2026-04-15,35.4900000000,34.7500000000,36.0800000000,34.6300000000,15294412,541443776.9900,4.14,-0.884200,-0.31,4.509600
2026-04-16,35.0000000000,34.6800000000,35.3100000000,34.3300000000,10881127,378199923.9400,2.82,-0.201400,-0.07,3.208400
2026-04-17,34.6800000000,34.9700000000,35.3300000000,34.4200000000,8586929,300373553.2000,2.62,0.836200,0.29,2.531900
2026-04-20,34.9700000000,33.9300000000,35.1500000000,33.8100000000,14393728,493793378.7500,3.83,-2.974000,-1.04,4.244100
2026-04-21,33.2000000000,35.8500000000,36.4700000000,33.1500000000,27522669,970866221.5600,9.78,5.658700,1.92,8.115200
2026-04-22,35.4900000000,36.2500000000,36.3000000000,35.2600000000,11691985,421131224.9400,2.90,1.115800,0.40,3.447400
2026-04-23,36.2000000000,37.7000000000,38.1500000000,35.7500000000,25373700,941438916.9500,6.62,4.000000,1.45,7.481600
2026-04-24,38.0100000000,37.4600000000,38.2700000000,37.2000000000,15488879,583474162.5400,2.84,-0.636600,-0.24,4.567000
2026-04-27,37.4000000000,37.4700000000,38.0000000000,37.1800000000,12545253,471503243.3800,2.19,0.026700,0.01,3.699000
2026-04-28,37.3700000000,35.9100000000,37.5800000000,35.3000000000,17128771,619216903.3200,6.08,-4.163300,-1.56,5.050500
2026-04-29,35.6900000000,37.6500000000,38.3000000000,35.6900000000,17730594,662502006.9500,7.27,4.845400,1.74,5.228000
2026-04-30,37.7000000000,38.2100000000,38.8900000000,37.7000000000,14802059,568484146.6200,3.16,1.487400,0.56,4.364500
2026-05-06,38.8800000000,38.2000000000,38.9500000000,37.7100000000,18336265,702848967.7500,3.25,-0.026200,-0.01,5.406500
2026-05-07,38.0000000000,40.0000000000,40.4500000000,36.3800000000,33098743,1287830320.4100,10.65,4.712000,1.80,9.759300
2026-05-08,39.8300000000,40.1400000000,40.4300000000,39.1900000000,21672666,865181105.4700,3.10,0.350000,0.14,6.390300
2026-05-11,40.0000000000,39.2100000000,42.0600000000,38.1400000000,40211974,1611312837.6500,9.77,-2.316900,-0.93,11.856700
2026-05-12,41.8300000000,35.3500000000,41.8300000000,35.3000000000,53605071,1982868555.7000,16.65,-9.844400,-3.86,15.805700
2026-05-13,34.9900000000,33.4400000000,35.3500000000,33.3100000000,31508911,1065883682.4000,5.77,-5.403100,-1.91,9.290600
